70,4
70,1
70,3
14,7
63,4
63,1
63,3
0,537
0,273
0,270
60,1
60,3
14,10
3,1
3,3
10,103
10,237
10,111
10,21
10,283
10,181
10,133
10,163
11,9
11,11
9,5
9,7
8,10
8,14
8,6
8,15
8,16
0,533
20,3
20,2
20,1
19,3
19,2
19,1
12,3
12,2
12,1
11,29
11,28
11,27
11,26
11,25
11,24
11,23
11,22
11,21
11,20
11,19
11,18
11,17
11,16
11,13
11,12
11,10
11,8
11,6
11,5
11,4
11,3
11,2
11,1
10,313
10,312
10,311
10,310
10,309
10,308
10,307
10,306
10,305
10,304
10,303
10,302
10,301
10,300
10,299
10,298
10,297
10,296
10,260
10,234
10,202
18,1
10,168
18,3
10,116
14,1
10,26
14,4
10,1
14,3
13,1
10,14
13,3
10,3
10,2
9,6
9,1
9,4
9,3
9,2
8,13
8,11
8,7
8,1
2,2
2,1
8,5
